21485 915008
30720 2201330
79282 3487651
128189 4773972
176979 6060293
225847 7346615
274589 8632936
323140 9919257
371903 11205578
420779 12491900
469518 13778221
518411 15064542
567198 16350863
615001 17637185
663818 22782470
712680 29214076
761478 34359361
809978 40790967
858786 47222573
907557 53654180
956325 58799465
1005109 65231071
1053737 71662677
1102460 76807962
1151306 83239568
1199463 89671175
1248344 96102781
1297065 101248066
1345823 107679672
1394496 114111278
1443291 120542885
1491969 125688170
1540869 132119776
1589426 138551382
1638316 144982988
1687080 150128273
1735896 156559880
1784574 162991486
1833078 168136771
1881785 174568377
1930407 180999983
1979049 187431590
2026919 192576875
2075701 199008481
2124453 205440087
2173120 211871693
2221929 217016978
2270193 223448585
2318975 229880191
2367760 236311797
2416517 241457082
2465226 247888688
2514127 254320295
2562908 259465580
2610756 265897186
2659389 272328792
2707641 278760398
2756459 283905683
2805280 290337290
2854144 296768896
2902808 301914181
2951585 308345787
3000214 314777393
3048872 321209000
3097757 326354285
3146255 332785891
3194978 339217497
3243651 345649103
3291850 350794388
3340628 357225995
3388755 363657601
3448140 368802886
3496874 375234492
3545725 381666098
3593360 388097705
3642133 393242990
3690917 399674596
3739699 406106202
3788398 412537808
3837230 417683093
3885972 424114700
3934700 431832627
3983444 436977912
4032219 443409518
4081030 449841125
4129686 456272731
4178428 461418016
4227181 467849622
4274505 474281228
4323211 480712835
4371626 485858120
4420387 492289726
4469229 498721332
4517910 503866617
4566484 510298223
4614994 516729830
4663815 523161436
4712582 528306721
4761331 534738327
4809776 541169933
4858613 546315218
4907327 552746825
4955931 559178431
5004631 565610037
5053365 570755322
5102034 577186928
5149943 583618535
5197570 590050141
5246347 595195426
5295008 601627032
5343651 608058638
5392431 614490245
5441001 619635530
5489811 626067136
5538522 632498742
5587218 637644027
5636034 644075633
5684789 650507240
5733578 655652525
5782339 662084131
5831208 668515737
5879941 674947343
5928525 680092628
5977424 686524235
6025380 692955841
6074169 699387447
6122145 704532732
6170910 710964338
6220156 717395945
6269447 723827551
6317475 728972836
6365030 735404442
6413817 741836048
6462600 748267655
6509203 753412940
6557893 759844546
6605889 766276152
6654638 771421437
6703376 777853043
6751991 784284650
6800805 790716256
6849426 795861541
6898205 802293147
6946870 808724753
6995029 813870038
7043745 820301645
7092138 826733251
7140200 831878536
7189025 838310142
7236923 844741748
7285698 851173355
7334368 856318640
7383111 862750246
7431945 869181852
7480872 874327137
7529725 880758743
7578505 887190350
7626532 893621956
7675279 898767241
7723811 905198847
7772359 911630453
7821150 916775738
7869705 923207345
7918506 929638951
7966971 936070557
8015724 941215842
8064404 947647448
8113091 954079055
8161225 960510661
8209793 965655946
8257916 972087552
8302954 978519158
8348680 983664443
8394820 990096050
8443609 996527656
8491183 1002959262
8539869 1008104547
8588293 1014536153
8635223 1020967760
8684069 1026113045
8731696 1032544651
8779671 1038976257
8827735 1044121542
8876451 1049266827
8925352 1055698433
8973761 1062130040
9022032 1068561646
9069147 1073706931
9117770 1080138537
9166145 1086570143
9214960 1091715428
9263695 1098147035
9312415 1104578641
9358172 1109723926
9406956 1116155532
9454507 1122587138
9503088 1127732423
9551838 1134164030
9599797 1140595636
9648244 1145740921
9696783 1152172527
9744825 1158604133
9793707 1165035740
9842263 1170181025
9891096 1176612631
9939884 1181757916
9988712 1188189522
10037439 1194621128
10085707 1201052735
10134533 1206198020
10182815 1212629626
10231555 1219061232
10280425 1224206517
10329256 1230638123
10375867 1237069730
10424576 1243501336
10472945 1248646621
10521409 1255078227
10570230 1261509833
10618500 1266655118
10667366 1273086725
10716053 1279518331
10764910 1285949937
10813705 1291095222
10862270 1297526828
10911039 1303958435
10959792 1309103720
11008575 1315535326
11057343 1321966932
11105912 1328398538
11154125 1333543823
11202900 1339975430
11249570 1346407036
11298297 1351552321
11347006 1357983927
11395867 1364415533
11444794 1370847140
11493661 1375992425
11542430 1382424031
11590905 1388855637
11639519 1395287243
11688288 1400432528
11737193 1406864135
11785923 1413295741
11832701 1418441026
11881642 1424872632
11930268 1431304238
11978980 1437735845
12027147 1442881130
12075865 1449312736
12124503 1455744342
12172580 1460889627
12220962 1467321233
12268125 1473752840
12316956 1480184446
12365305 1485329731
12413259 1491761337
12461957 1498192943
12510071 1503338228
12558641 1509769835
12608182 1516201441
12657178 1522633047
12706041 1527778332
12754831 1534209938
12803735 1540641545
12852533 1545786830
12901436 1552218436
12950166 1558650042
12998977 1563795327
13047658 1570226933
13096454 1576658540
13145336 1583090146
13193958 1588235431
13241141 1594667037
13289745 1601098643
13338451 1607530250
13387503 1612675535
13436188 1619107141
13485017 1625538747
13533833 1631970353
13582607 1637115638
13631292 1643547245
13680063 1649978851
13728942 1655124136
13777779 1661555742
13826562 1667987348
13875171 1674418955
13923601 1679564240
13972126 1685995846
14021009 1692427452
14069796 1698859058
14118603 1704004343
14167432 1710435950
14215899 1716867556
14264561 1723299162
14313290 1728444447
14361944 1734876053
14410625 1741307660
14459398 1746452945
14508211 1752884551
14556977 1759316157
14605520 1765747763
14654266 1770893048
14702932 1777324655
14751722 1783756261
14800466 1790187867
14849341 1795333152
14897677 1801764758
14946406 1808196365
14995212 1814627971
15043984 1819773256
15092885 1826204862
15141672 1832636468
15189891 1837781753
15237892 1844213360
15286704 1850644966
15335314 1857076572
15384054 1862221857
15432845 1868653463
15481637 1875085070
15530461 1881516676
15579388 1886661961
15628123 1893093567
15676905 1899525173
15725703 1904670458
15774381 1911102065
15823196 1917533671
15871923 1923965277
15920738 1929110562
15969533 1935542168
16018306 1941973775
16067035 1948405381
16115952 1953550666
16164793 1959982272
16213650 1966413878
16261680 1972845485
16310454 1977990770
16359145 1984422376
16407848 1990853982
16456668 1997285588
16505557 2002430873
16554311 2008862480
16602718 2015294086
16651466 2021725692
16700224 2026870977
16748953 2033302583
16797527 2039734190
16846207 2044879475
16894939 2051311081
16943596 2057742687
16992355 2064174293
17041072 2069319578
17089759 2075751185
17138667 2082182791
17187400 2088614397
17236077 2093759682
17284656 2100191288
17333832 2106622895
17382991 2111768180
17431827 2118199786
17480664 2124631392
17529411 2131062998
17578129 2136208283
17627041 2142639890
17675759 2149071496
17724540 2155503102
17773345 2160648387
17822302 2167079993
17871030 2173511600
17919895 2179943206
17968630 2185088491
18017408 2191520097
18066182 2197951703
18115004 2204383310
18163699 2209528595
18212570 2215960201
18261296 2222391807
18310017 2228823413
18358791 2233968698
18407646 2240400305
18456440 2246831911
18505319 2253263517
18554093 2258408802
18602999 2264840408
18651907 2271272015
18700746 2277703621
18749540 2282848906
18798204 2289280512
18847091 2295712118
18895961 2300857403
18944705 2307289010
18993427 2313720616
19042335 2320152222
19091145 2325297507
19139950 2331729113
19188732 2338160720
19237564 2344592326
19285738 2349737611
19334573 2356169217
19383317 2362600823
19432113 2369032430
19480846 2374177715
19529713 2380609321
19578478 2387040927
19627372 2393472533
19676152 2398617818
19724842 2405049425
19773623 2411481031
19822438 2417912637
19871233 2423057922
19920117 2429489528
19968871 2435921135
20017699 2442352741
20066502 2447498026
20115326 2453929632
20164058 2460361238
20212999 2465506523
20261815 2471938130
20310604 2478369736
20358757 2484801342
20407462 2489946627
20456232 2496378233
20505044 2502809840
20553818 2509241446
20602422 2514386731
20651188 2520818337
20699963 2527249943
20748794 2533681550
20797606 2538826835
20846371 2545258441
20895106 2551690047
20944016 2558121653
20992887 2563266938
21041652 2569698545
21090433 2576130151
21139337 2581275436
21188073 2587707042
21236942 2594138648
21285605 2600570255
21334405 2605715540
21383220 2612147146
21432011 2618578752
21480783 2625010358
21529646 2630155643
21578454 2636587250
21627293 2643018856
21676078 2649450462
21724698 2654595747
21773553 2661027353
21822338 2667458960
21871181 2673890566
21919981 2679035851
21968800 2685467457
22017664 2691899063
22066438 2698330670
22115140 2703475955
22164026 2709907561
22212691 2716339167
22261993 2722770773
22311130 2727916058
22359761 2734347665
22408568 2740779271
22457475 2747210877
22506186 2752356162
22555022 2758787768
22603613 2765219375
22652392 2771650981
22701160 2776796266
22750046 2783227872
22798734 2789659478
22847514 2796091085
22896327 2801236370
22945207 2807667976
22994033 2814099582
23042890 2819244867
23091592 2825676473
23140383 2832108080
23188972 2838539686
23237783 2843684971
23286471 2850116577
23335379 2856548183
23384073 2862979790
23432415 2868125075
23481152 2874556681
23529992 2880988287
23578526 2887419893
23627239 2892565178
23676057 2898996785
23724879 2905428391
23773612 2911859997
23822320 2917005282
23871053 2923436888
23920079 2929868495
23968907 2935013780
24017718 2941445386
24066174 2947876992
24114458 2954308598
24163246 2959453883
24211940 2965885490
24260795 2972317096
24309582 2978748702
24358543 2983893987
24407322 2990325593
24456103 2996757200
24504791 3003188806
24553530 3008334091
24602395 3014765697
24651178 3021197303
24699805 3027628910
24748510 3032774195
24797259 3039205801
24846048 3045637407
24894838 3052069013
24943596 3057214298
24992399 3063645905
25041145 3070077511
25089868 3075222796
25138769 3081654402
25187512 3088086008
25236361 3094517615
25285129 3099662900
25333652 3106094506
25382476 3112526112
25431284 3118957718
25480110 3124103003
25528953 3130534610
25577691 3136966216
25626412 3143397822
25675065 3148543107
25723875 3154974713
25772557 3161406320
25821252 3167837926
25870019 3172983211
25918769 3179414817
25967482 3185846423
26016258 3192278030
26065081 3197423315
26113912 3203854921
26162742 3210286527
26211548 3215431812
26260240 3221863418
26308843 3228295025
26357598 3234726631
26406376 3239871916
26455164 3246303522
26503836 3252735128
26552635 3259166735
26601664 3264312020
26650411 3270743626
26699327 3277175232
26748151 3283606838
26796973 3288752123
26845765 3295183730
26894426 3301615336
26943241 3308046942
26992045 3313192227
27040619 3319623833
27089384 3326055440
27138112 3331200725
27186901 3337632331
27235757 3344063937
27284452 3350495543
27333151 3355640828
27381911 3362072435
27430579 3368504041
27479237 3374935647
27527898 3380080932
27576653 3386512538
27625616 3392944145
27674701 3399375751
27734295 3404521036
27783105 3410952642
27831792 3417384248
27880640 3423815855
27929378 3428961140
27978263 3435392746
28027065 3441824352
28075857 3446969637
28124676 3453401243
28173483 3459832850
28222237 3467550777
28271147 3473982383
28319727 3479127668
28368440 3485559275
28417121 3491990881
28465823 3498422487
28514518 3503567772
28563385 3509999378
28612076 3516430985
28660854 3521576270
28709955 3528007876
28759202 3534439482
28808031 3540871088
28856782 3546016373
28905594 3552447980
28954584 3558879586
29003312 3565311192
29052054 3570456477
29100847 3576888083
29149670 3583319690
29198115 3589751296
29246313 3594896581
29294920 3601328187
29343626 3607759793
29392521 3614191400
29441306 3619336685
29490123 3625768291
29538752 3632199897
29587456 3638631503
29636109 3643776788
29684867 3650208395
29733639 3656640001
29782350 3661785286
29831074 3668216892
29879904 3674648498
29928587 3681080105
29977380 3686225390
30026079 3692656996
30074878 3699088602
30123647 3705520208
30172487 3710665493
30221232 3717097100
30269962 3723528706
30318675 3729960312
30367445 3735105597
30416133 3741537203
30464778 3747968810
30513374 3754400416
30562000 3759545701
30610854 3765977307
30659505 3772408913
30708259 3777554198
30757050 3783985805
30805819 3790417411
30854361 3796849017
30903210 3801994302
30952014 3808425908
31000815 3814857515
31049600 3821289121
31098400 3826434406
31147171 3832866012
31195651 3839297618
31244321 3845729225
31293004 3850874510
31340541 3857306116
31389351 3863737722
31438135 3870169328
31486762 3875314613
31535487 3881746220
31584239 3888177826
31632658 3893323111
31681427 3899754717
31730098 3906186323
31778850 3912617930
31827629 3917763215
31876407 3924194821
31924982 3930626427
31973633 3935771712
32022492 3942203318
32071289 3948634925
32120078 3955066531
32168900 3960211816
32217668 3966643422
32266503 3973075028
32315225 3979506635
32363994 3984651920
32411582 3991083526
32458876 3997515132
